version https://git-lfs.github.com/spec/v1
oid sha256:ba71e499760786c11e99bf646d581d023c3c643d95d69723f635583dceab4ddf
size 2400420
